Torso
0.000000
-0.536926
0.021924
0.999157
-0.041055
0.000000
0.000000
Chest
-0.000000
0.000000
0.000000
1.000000
0.000000
0.000000
-0.000000
Neck
-0.000000
0.000000
0.000000
1.000000
0.000000
0.000000
-0.000000
Head
-0.000000
0.000000
0.000000
1.000000
0.000000
0.000000
-0.000000
Upper Arm.L
0.000000
0.000000
0.000000
1.000000
0.000000
0.000000
0.000000
Bone.006
-0.000000
0.000000
0.000000
1.000000
0.000000
0.000000
-0.000000
Hand.L
0.000000
0.000000
0.000000
1.000000
0.000000
0.000000
0.000000
Thumb01.L
0.000000
0.000000
0.000000
1.000000
0.000000
0.000000
0.000000
Thumb02.L
0.000000
0.000000
0.000000
1.000000
0.000000
0.000000
0.000000
Fingers01.L
0.000000
0.000000
0.000000
1.000000
0.000000
0.000000
0.000000
Bone.009
-0.000000
0.000000
0.000000
1.000000
0.000000
0.000000
-0.000000
Upper Arm.R.001
0.000000
0.000000
0.000000
1.000000
0.000000
0.000000
0.000000
Lower Arm.R 001
-0.000000
0.000000
0.000000
1.000000
0.000000
0.000000
-0.000000
Hand.R.001
0.000000
0.000000
0.000000
1.000000
0.000000
0.000000
0.000000
Fingers01.R.001
0.000000
0.000000
0.000000
1.000000
0.000000
0.000000
0.000000
Bone.010
-0.000000
0.000000
0.000000
1.000000
0.000000
0.000000
-0.000000
Thumbs01.R
0.000000
0.000000
0.000000
1.000000
0.000000
0.000000
0.000000
Thumb02.R.001
0.000000
0.000000
0.000000
1.000000
0.000000
0.000000
0.000000
Leg pole target.L
-0.000000
0.000000
0.000000
1.000000
0.000000
0.000000
-0.000000
Leg Control.L
0.000001
-2.950452
-1.104447
0.967433
0.253129
0.000000
0.000000
Foot Roll.L
-0.000000
0.000000
0.000000
1.000000
0.000000
0.000000
-0.000000
Leg iK.L
0.000000
0.000000
0.000000
1.000000
0.000000
0.000000
0.000000
Upper Leg
-0.000000
0.000000
0.000000
1.000000
0.000000
0.000000
-0.000000
Lower Leg.L
0.000000
0.000000
0.000000
0.999993
-0.003701
0.000023
0.000042
Toes Control.L
-0.000000
0.000000
0.000000
1.000000
0.000000
0.000000
-0.000000
Foot.L
0.000000
0.000000
0.000000
1.000000
0.000000
0.000000
0.000000
Toes.L
0.000000
0.000000
0.000000
1.000000
0.000000
0.000000
0.000000
Leg pole target.R
-0.000000
0.000000
0.000000
1.000000
0.000000
0.000000
-0.000000
Leg Control.R
0.000000
2.145783
-0.220889
0.984574
-0.174969
0.000000
-0.000000
Foot Roll.R
-0.000000
0.000000
0.000000
0.999770
-0.021376
-0.001071
0.000939
Leg iK.R.001
0.000000
0.000000
0.000000
1.000000
0.000000
0.000000
0.000000
Upper Leg.001
-0.000000
0.000000
0.000000
1.000000
0.000000
0.000000
-0.000000
Lower Leg.R.001
0.000000
0.000000
0.000000
1.000000
0.000000
0.000000
0.000000
Toes Control.R
-0.000000
0.000000
0.000000
1.000000
0.000000
0.000000
-0.000000
Foot.R
0.000000
0.000000
0.000000
1.000000
0.000000
0.000000
0.000000
Toes.R.001
0.000000
0.000000
0.000000
1.000000
0.000000
0.000000
0.000000
Torso
0.000000
-0.536926
0.021924
0.999157
-0.041055
0.000000
0.000000
Chest
-0.000000
0.000000
0.000000
1.000000
0.000000
0.000000
-0.000000
Neck
-0.000000
0.000000
0.000000
1.000000
0.000000
0.000000
-0.000000
Head
-0.000000
0.000000
0.000000
1.000000
0.000000
0.000000
-0.000000
Upper Arm.L
0.000000
0.000000
0.000000
1.000000
0.000000
0.000000
0.000000
Bone.006
-0.000000
0.000000
0.000000
1.000000
0.000000
0.000000
-0.000000
Hand.L
0.000000
0.000000
0.000000
1.000000
0.000000
0.000000
0.000000
Thumb01.L
0.000000
0.000000
0.000000
1.000000
0.000000
0.000000
0.000000
Thumb02.L
0.000000
0.000000
0.000000
1.000000
0.000000
0.000000
0.000000
Fingers01.L
0.000000
0.000000
0.000000
1.000000
0.000000
0.000000
0.000000
Bone.009
-0.000000
0.000000
0.000000
1.000000
0.000000
0.000000
-0.000000
Upper Arm.R.001
0.000000
0.000000
0.000000
1.000000
0.000000
0.000000
0.000000
Lower Arm.R 001
-0.000000
0.000000
0.000000
1.000000
0.000000
0.000000
-0.000000
Hand.R.001
0.000000
0.000000
0.000000
1.000000
0.000000
0.000000
0.000000
Fingers01.R.001
0.000000
0.000000
0.000000
1.000000
0.000000
0.000000
0.000000
Bone.010
-0.000000
0.000000
0.000000
1.000000
0.000000
0.000000
-0.000000
Thumbs01.R
0.000000
0.000000
0.000000
1.000000
0.000000
0.000000
0.000000
Thumb02.R.001
0.000000
0.000000
0.000000
1.000000
0.000000
0.000000
0.000000
Leg pole target.L
-0.000000
0.000000
0.000000
1.000000
0.000000
0.000000
-0.000000
Leg Control.L
0.000001
-2.950452
-1.104447
0.967433
0.253129
0.000000
0.000000
Foot Roll.L
-0.000000
0.000000
0.000000
1.000000
0.000000
0.000000
-0.000000
Leg iK.L
0.000000
0.000000
0.000000
1.000000
0.000000
0.000000
0.000000
Upper Leg
-0.000000
0.000000
0.000000
1.000000
0.000000
0.000000
-0.000000
Lower Leg.L
0.000000
0.000000
0.000000
0.999993
-0.003701
0.000023
0.000042
Toes Control.L
-0.000000
0.000000
0.000000
1.000000
0.000000
0.000000
-0.000000
Foot.L
0.000000
0.000000
0.000000
1.000000
0.000000
0.000000
0.000000
Toes.L
0.000000
0.000000
0.000000
1.000000
0.000000
0.000000
0.000000
Leg pole target.R
-0.000000
0.000000
0.000000
1.000000
0.000000
0.000000
-0.000000
Leg Control.R
0.000000
2.145783
-0.220889
0.984574
-0.174969
0.000000
-0.000000
Foot Roll.R
-0.000000
0.000000
0.000000
0.999770
-0.021376
-0.001071
0.000939
Leg iK.R.001
0.000000
0.000000
0.000000
1.000000
0.000000
0.000000
0.000000
Upper Leg.001
-0.000000
0.000000
0.000000
1.000000
0.000000
0.000000
-0.000000
Lower Leg.R.001
0.000000
0.000000
0.000000
1.000000
0.000000
0.000000
0.000000
Toes Control.R
-0.000000
0.000000
0.000000
1.000000
0.000000
0.000000
-0.000000
Foot.R
0.000000
0.000000
0.000000
1.000000
0.000000
0.000000
0.000000
Toes.R.001
0.000000
0.000000
0.000000
1.000000
0.000000
0.000000
0.000000
Torso
0.000000
-0.536926
0.021924
0.999157
-0.041055
0.000000
0.000000
Chest
-0.000000
0.000000
0.000000
1.000000
0.000000
0.000000
-0.000000
Neck
-0.000000
0.000000
0.000000
1.000000
0.000000
0.000000
-0.000000
Head
-0.000000
0.000000
0.000000
1.000000
0.000000
0.000000
-0.000000
Upper Arm.L
0.000000
0.000000
0.000000
1.000000
0.000000
0.000000
0.000000
Bone.006
-0.000000
0.000000
0.000000
1.000000
0.000000
0.000000
-0.000000
Hand.L
0.000000
0.000000
0.000000
1.000000
0.000000
0.000000
0.000000
Thumb01.L
0.000000
0.000000
0.000000
1.000000
0.000000
0.000000
0.000000
Thumb02.L
0.000000
0.000000
0.000000
1.000000
0.000000
0.000000
0.000000
Fingers01.L
0.000000
0.000000
0.000000
1.000000
0.000000
0.000000
0.000000
Bone.009
-0.000000
0.000000
0.000000
1.000000
0.000000
0.000000
-0.000000
Upper Arm.R.001
0.000000
0.000000
0.000000
1.000000
0.000000
0.000000
0.000000
Lower Arm.R 001
-0.000000
0.000000
0.000000
1.000000
0.000000
0.000000
-0.000000
Hand.R.001
0.000000
0.000000
0.000000
1.000000
0.000000
0.000000
0.000000
Fingers01.R.001
0.000000
0.000000
0.000000
1.000000
0.000000
0.000000
0.000000
Bone.010
-0.000000
0.000000
0.000000
1.000000
0.000000
0.000000
-0.000000
Thumbs01.R
0.000000
0.000000
0.000000
1.000000
0.000000
0.000000
0.000000
Thumb02.R.001
0.000000
0.000000
0.000000
1.000000
0.000000
0.000000
0.000000
Leg pole target.L
-0.000000
0.000000
0.000000
1.000000
0.000000
0.000000
-0.000000
Leg Control.L
0.000001
-2.950452
-1.104447
0.967433
0.253129
0.000000
0.000000
Foot Roll.L
-0.000000
0.000000
0.000000
1.000000
0.000000
0.000000
-0.000000
Leg iK.L
0.000000
0.000000
0.000000
1.000000
0.000000
0.000000
0.000000
Upper Leg
-0.000000
0.000000
0.000000
1.000000
0.000000
0.000000
-0.000000
Lower Leg.L
0.000000
0.000000
0.000000
0.999993
-0.003701
0.000023
0.000042
Toes Control.L
-0.000000
0.000000
0.000000
1.000000
0.000000
0.000000
-0.000000
Foot.L
0.000000
0.000000
0.000000
1.000000
0.000000
0.000000
0.000000
Toes.L
0.000000
0.000000
0.000000
1.000000
0.000000
0.000000
0.000000
Leg pole target.R
-0.000000
0.000000
0.000000
1.000000
0.000000
0.000000
-0.000000
Leg Control.R
0.000000
2.145783
-0.220889
0.984574
-0.174969
0.000000
-0.000000
Foot Roll.R
-0.000000
0.000000
0.000000
0.999770
-0.021376
-0.001071
0.000939
Leg iK.R.001
0.000000
0.000000
0.000000
1.000000
0.000000
0.000000
0.000000
Upper Leg.001
-0.000000
0.000000
0.000000
1.000000
0.000000
0.000000
-0.000000
Lower Leg.R.001
0.000000
0.000000
0.000000
1.000000
0.000000
0.000000
0.000000
Toes Control.R
-0.000000
0.000000
0.000000
1.000000
0.000000
0.000000
-0.000000
Foot.R
0.000000
0.000000
0.000000
1.000000
0.000000
0.000000
0.000000
Toes.R.001
0.000000
0.000000
0.000000
1.000000
0.000000
0.000000
0.000000
END
