Torso
-0.000000
-0.000000
-0.274938
0.000000
-0.047132
2.351122
None
Chest
0.000000
-0.047132
2.351122
0.000000
-0.047132
4.181420
Torso
Neck
0.000000
-0.047132
4.181420
0.000000
-0.125686
4.652742
Chest
Head
0.000000
-0.125686
4.652742
0.000000
-0.170933
6.835903
Neck
Upper Arm.L
1.725037
0.326855
3.566564
2.765089
0.438942
1.842732
Chest
Bone.006
2.765089
0.438942
1.842732
3.886835
0.033605
-0.070834
Upper Arm.L
Hand.L
3.886835
0.033605
-0.070834
4.508979
-0.371731
-0.749537
Bone.006
Thumb01.L
4.204138
-0.542038
-0.671883
4.109431
-0.640533
-0.668199
Hand.L
Thumb02.L
4.109431
-0.640533
-0.668199
3.844252
-0.811006
-0.664410
Thumb01.L
Fingers01.L
4.508979
-0.371731
-0.749537
4.612670
-0.541407
-1.164300
Hand.L
Bone.009
4.612670
-0.541407
-1.164300
4.565538
-0.635671
-1.494225
Fingers01.L
Upper Arm.R.001
-1.725037
0.326855
3.566565
-2.765089
0.438942
1.842732
Chest
Lower Arm.R 001
-2.765089
0.438942
1.842732
-3.886835
0.033605
-0.070834
Upper Arm.R.001
Hand.R.001
-3.886835
0.033605
-0.070834
-4.508979
-0.371731
-0.749537
Lower Arm.R 001
Fingers01.R.001
-4.508979
-0.371731
-0.749537
-4.612670
-0.541407
-1.164300
Hand.R.001
Bone.010
-4.612670
-0.541407
-1.164300
-4.565538
-0.635671
-1.494226
Fingers01.R.001
Thumbs01.R
-4.204138
-0.542038
-0.671883
-4.109431
-0.640533
-0.668199
Hand.R.001
Thumb02.R.001
-4.109431
-0.640533
-0.668199
-3.844252
-0.811006
-0.664411
Thumbs01.R
Leg Control.L
0.875187
0.663789
-6.243812
0.875187
-1.480585
-6.243812
Torso
Foot Roll.L
0.906165
-0.494864
-6.004796
0.864689
0.127281
-5.458062
Leg Control.L
Leg iK.L
0.864689
0.127281
-5.458062
0.864689
1.131931
-5.476246
Foot Roll.L
Toes Control.L
0.864689
-0.494864
-6.004796
0.864689
-1.305538
-6.061355
Leg Control.L
Leg Control.R
-0.875187
0.663789
-6.243812
-0.875187
-1.480585
-6.243812
Torso
Foot Roll.R
-0.906165
-0.494864
-6.004796
-0.864689
0.127281
-5.458062
Leg Control.R
Leg iK.R.001
-0.864689
0.127281
-5.458062
-0.864689
1.131931
-5.476246
Foot Roll.R
Toes Control.R
-0.864689
-0.494864
-6.004796
-0.864689
-1.305538
-6.061355
Leg Control.R
Leg pole target.L
0.906165
-2.420005
-2.743249
0.906165
-3.429201
-2.775980
Torso
Upper Leg
0.906165
0.080148
-0.783348
0.906165
0.014163
-2.743249
Torso
Lower Leg.L
0.906165
0.014163
-2.743249
0.906165
0.127281
-5.458063
Upper Leg
Foot.L
0.906165
0.127281
-5.458063
0.864689
-0.494864
-6.004796
Leg Control.L
Toes.L
0.864689
-0.494864
-6.004796
0.864689
-1.305538
-6.061355
Foot.L
Leg pole target.R
-0.906165
-2.420005
-2.743249
-0.906165
-3.429201
-2.775980
Torso
Upper Leg.001
-0.906165
0.080148
-0.783348
-0.906165
0.014163
-2.743249
Torso
Lower Leg.R.001
-0.906165
0.014163
-2.743249
-0.906165
0.127281
-5.458063
Upper Leg.001
Foot.R
-0.906165
0.127281
-5.458063
-0.864689
-0.494864
-6.004796
Leg Control.R
Toes.R.001
-0.864689
-0.494864
-6.004796
-0.864689
-1.305538
-6.061355
Foot.R
END
nTorso
278
0.539001
279
0.445373
280
0.006735
281
0.508325
282
0.595415
283
0.801280
284
0.116451
285
0.069595
286
0.060841
287
0.163288
288
0.183301
301
0.460671
302
0.049669
303
0.154680
406
0.823431
407
0.714009
410
0.716947
411
0.713580
412
0.088694
413
0.118926
414
0.006634
415
0.867583
416
0.537649
418
0.857558
419
0.798641
420
0.101656
421
0.119349
422
0.631284
423
0.727517
425
0.258010
439
0.081684
441
0.051068
442
0.032981
472
0.674354
473
0.576031
474
0.531613
475
0.719272
476
0.615549
477
0.685358
478
0.585152
479
0.531012
480
0.731960
481
0.624188
588
0.539001
589
0.445373
590
0.707487
591
0.856028
592
0.739525
593
0.098539
594
0.006735
595
0.508324
596
0.595415
597
0.801280
598
0.116451
599
0.069595
600
0.060841
601
0.452164
602
0.498913
603
0.163288
604
0.183301
618
0.460671
619
0.049669
620
0.395466
621
0.154680
728
0.823431
729
0.714009
732
0.716947
733
0.713580
734
0.895417
735
0.877644
736
0.088694
737
0.119127
738
0.118926
739
0.006634
740
0.867583
741
0.537649
743
0.857558
744
0.798641
745
0.101656
746
0.119349
747
0.631284
748
0.727517
750
0.258010
764
0.081684
766
0.051068
767
0.032981
798
0.674354
799
0.576031
800
0.767969
801
0.531613
802
0.719272
803
0.615550
804
0.685358
805
0.585152
806
0.778529
807
0.531012
808
0.731960
809
0.624188
nChest
258
0.095867
259
0.081693
265
0.092698
266
0.016838
267
0.065636
270
0.020462
271
0.038463
272
0.013497
275
0.038174
276
0.040028
277
0.001631
280
0.571764
283
0.098929
284
0.707914
388
0.212319
389
0.191132
390
0.185137
391
0.462563
392
0.456163
393
0.648531
406
0.007812
407
0.008306
408
0.193190
409
0.222617
410
0.114986
411
0.086900
412
0.193028
413
0.430370
414
0.541781
415
0.066306
417
0.598903
419
0.099777
420
0.815913
421
0.691956
422
0.099652
423
0.027748
424
0.870614
425
0.201787
426
1.000000
439
0.073254
440
0.128189
441
0.085839
442
0.103199
443
0.773831
444
0.037948
445
0.456859
446
0.456734
447
0.595394
560
0.095867
561
0.081693
569
0.116365
570
0.092698
571
0.105378
572
0.016838
573
0.065636
576
0.020462
577
0.038463
578
0.013497
581
0.078234
583
0.038174
584
0.012898
585
0.040028
586
0.001631
587
0.782319
591
0.077959
593
0.797803
594
0.571764
597
0.098929
598
0.707914
617
0.667748
706
0.200265
707
0.183283
708
0.212319
709
0.191132
710
0.185137
711
0.462563
712
0.456163
713
0.648531
714
0.377144
727
0.727058
728
0.007812
729
0.008306
730
0.193190
731
0.222617
732
0.114986
733
0.086900
734
0.055613
736
0.193028
737
0.743329
738
0.430370
739
0.541781
740
0.066306
742
0.598903
744
0.099777
745
0.815913
746
0.691957
747
0.099652
748
0.027748
749
0.870614
750
0.201787
751
1.000000
764
0.073254
765
0.128189
766
0.085839
767
0.103199
768
0.773831
769
0.037948
770
0.456859
771
0.456734
772
0.595394
773
0.408157
nNeck
280
0.079861
388
0.442824
389
0.398668
390
0.422078
391
0.244120
392
0.285839
393
0.256164
408
0.032050
409
0.001577
414
0.080535
417
0.075531
424
0.019828
426
0.148838
445
0.231769
446
0.255611
447
0.232313
587
0.060205
594
0.079861
617
0.154528
706
0.441354
707
0.394837
708
0.442824
709
0.398668
710
0.422078
711
0.244120
712
0.285839
713
0.256164
714
0.271730
727
0.083369
730
0.032050
731
0.001577
739
0.080535
742
0.075531
749
0.019828
751
0.148838
770
0.231769
771
0.255611
772
0.232313
773
0.246568
nHead
0
1.000000
1
1.000000
2
1.000000
3
1.000000
4
1.000000
5
1.000000
6
1.000000
7
1.000000
8
1.000000
9
1.000000
10
1.000000
11
1.000000
12
1.000000
13
1.000000
14
1.000000
15
1.000000
16
1.000000
17
1.000000
18
1.000000
19
1.000000
20
1.000000
21
1.000000
22
1.000000
23
1.000000
24
1.000000
25
1.000000
26
1.000000
27
1.000000
28
1.000000
29
1.000000
30
1.000000
31
1.000000
32
1.000000
33
1.000000
34
1.000000
35
1.000000
36
1.000000
37
1.000000
38
1.000000
39
1.000000
40
1.000000
41
1.000000
42
1.000000
43
1.000000
44
1.000000
45
1.000000
46
1.000000
47
1.000000
48
1.000000
49
1.000000
50
1.000000
51
1.000000
52
1.000000
53
1.000000
54
1.000000
55
1.000000
56
1.000000
57
1.000000
58
1.000000
59
1.000000
60
1.000000
61
1.000000
62
1.000000
63
1.000000
64
1.000000
65
1.000000
66
1.000000
67
1.000000
68
1.000000
69
1.000000
70
1.000000
71
1.000000
72
1.000000
73
1.000000
74
1.000000
75
1.000000
76
1.000000
77
1.000000
78
1.000000
79
1.000000
80
1.000000
81
1.000000
82
1.000000
83
1.000000
84
1.000000
85
1.000000
86
1.000000
87
1.000000
88
1.000000
89
1.000000
90
1.000000
91
1.000000
92
1.000000
93
1.000000
94
1.000000
95
1.000000
96
1.000000
97
1.000000
98
1.000000
99
1.000000
100
1.000000
101
1.000000
102
1.000000
103
1.000000
104
1.000000
105
1.000000
106
1.000000
107
1.000000
108
1.000000
109
1.000000
110
1.000000
111
1.000000
112
1.000000
113
1.000000
114
1.000000
115
1.000000
116
1.000000
117
1.000000
118
1.000000
119
1.000000
120
1.000000
121
1.000000
122
1.000000
123
1.000000
124
1.000000
125
1.000000
126
1.000000
127
1.000000
128
1.000000
129
1.000000
130
1.000000
131
1.000000
132
1.000000
133
1.000000
134
1.000000
135
1.000000
136
1.000000
137
1.000000
138
1.000000
139
1.000000
140
1.000000
141
1.000000
142
1.000000
143
1.000000
144
1.000000
145
1.000000
146
1.000000
147
1.000000
148
1.000000
149
1.000000
150
1.000000
151
1.000000
152
1.000000
153
1.000000
154
1.000000
155
1.000000
156
1.000000
157
1.000000
158
1.000000
159
1.000000
160
1.000000
161
1.000000
162
1.000000
163
1.000000
164
1.000000
165
1.000000
166
1.000000
167
1.000000
168
1.000000
169
1.000000
170
1.000000
171
1.000000
172
1.000000
173
1.000000
174
1.000000
175
1.000000
176
1.000000
177
1.000000
178
1.000000
179
1.000000
180
1.000000
181
1.000000
182
1.000000
183
1.000000
184
1.000000
185
1.000000
186
1.000000
187
1.000000
188
1.000000
189
1.000000
190
1.000000
191
1.000000
192
1.000000
193
1.000000
194
1.000000
195
1.000000
196
1.000000
197
1.000000
198
1.000000
199
1.000000
200
1.000000
201
1.000000
202
1.000000
203
1.000000
204
1.000000
205
1.000000
206
1.000000
207
1.000000
208
1.000000
209
1.000000
210
1.000000
211
1.000000
212
1.000000
213
1.000000
214
1.000000
215
1.000000
216
1.000000
217
1.000000
218
1.000000
219
1.000000
220
1.000000
221
1.000000
222
1.000000
223
1.000000
224
1.000000
225
1.000000
226
1.000000
227
1.000000
228
1.000000
229
1.000000
230
1.000000
231
1.000000
232
1.000000
233
1.000000
234
1.000000
235
1.000000
236
1.000000
237
1.000000
238
1.000000
239
1.000000
240
1.000000
241
1.000000
242
1.000000
243
1.000000
244
1.000000
245
1.000000
246
1.000000
247
1.000000
248
1.000000
249
1.000000
250
1.000000
251
1.000000
252
1.000000
253
1.000000
254
1.000000
255
1.000000
256
1.000000
257
1.000000
258
1.000000
259
1.000000
260
1.000000
261
1.000000
262
1.000000
263
1.000000
264
1.000000
265
1.000000
266
1.000000
267
1.000000
268
1.000000
269
1.000000
270
1.000000
271
1.000000
272
1.000000
273
1.000000
274
1.000000
275
1.000000
276
1.000000
277
1.000000
280
0.053067
388
0.279568
389
0.347820
390
0.300265
391
0.160988
392
0.208439
393
0.217560
408
0.007928
414
0.053414
417
0.063573
424
0.001953
426
0.111372
445
0.154587
446
0.186279
447
0.196027
457
0.198669
459
0.054087
500
1.000000
501
1.000000
502
1.000000
503
1.000000
504
1.000000
505
1.000000
506
1.000000
507
1.000000
508
1.000000
509
1.000000
510
1.000000
511
1.000000
512
1.000000
513
1.000000
514
1.000000
515
1.000000
516
1.000000
517
1.000000
518
1.000000
519
1.000000
520
1.000000
521
1.000000
522
1.000000
523
1.000000
524
1.000000
525
1.000000
526
1.000000
527
1.000000
528
1.000000
529
1.000000
530
1.000000
531
1.000000
532
1.000000
533
1.000000
534
1.000000
535
1.000000
536
1.000000
537
1.000000
538
1.000000
539
1.000000
540
1.000000
541
1.000000
542
1.000000
543
1.000000
544
1.000000
545
1.000000
546
1.000000
547
1.000000
548
1.000000
549
1.000000
550
1.000000
551
1.000000
552
1.000000
553
1.000000
554
1.000000
555
1.000000
556
1.000000
557
1.000000
558
1.000000
559
1.000000
560
1.000000
561
1.000000
562
1.000000
563
1.000000
564
1.000000
565
1.000000
566
1.000000
567
1.000000
568
1.000000
569
1.000000
570
1.000000
571
1.000000
572
1.000000
573
1.000000
574
1.000000
575
1.000000
576
1.000000
577
1.000000
578
1.000000
579
1.000000
580
1.000000
581
1.000000
582
1.000000
583
1.000000
584
1.000000
585
1.000000
586
1.000000
587
0.033710
594
0.053067
617
0.110673
706
0.328908
707
0.354640
708
0.279568
709
0.347820
710
0.300265
711
0.160988
712
0.208439
713
0.217560
714
0.239517
727
0.072026
730
0.007928
739
0.053414
742
0.063573
749
0.001953
751
0.111372
770
0.154587
771
0.186279
772
0.196027
773
0.216377
783
0.198669
785
0.054087
nUpper Arm.L
258
0.000000
259
0.000000
265
0.000000
278
0.000000
279
0.000000
280
0.000000
281
0.000000
283
0.000000
284
0.000000
286
0.000000
301
0.000000
388
0.053889
389
0.000000
390
0.000000
391
0.000000
392
0.000000
393
0.025680
406
0.000000
407
0.000000
408
0.000000
409
0.089966
410
0.000000
411
0.000000
412
0.000000
413
0.164564
414
0.000000
415
0.014957
416
0.000000
417
0.035288
419
0.000000
420
0.000000
421
0.000000
422
0.000000
423
0.000000
424
0.105174
425
0.000000
426
0.000000
433
0.016052
434
0.071202
435
0.132412
436
0.073915
437
0.045611
438
0.150470
439
0.390424
440
0.975015
441
0.626160
442
0.837762
443
0.979091
444
0.935021
445
0.039006
446
0.000000
447
0.089853
448
0.855676
449
0.959068
450
0.975241
451
0.781302
452
0.963071
453
0.881837
460
0.161550
461
0.208857
462
0.687953
463
0.103120
464
0.452218
465
0.190224
467
0.015572
471
0.006219
474
0.000000
478
0.000000
479
0.000000
587
0.049551
593
0.033217
617
0.010107
707
0.012653
714
0.056770
727
0.072372
737
0.056814
745
0.002849
773
0.061642
nBone.006
340
0.075581
341
0.098872
342
0.022239
343
0.123403
344
0.083996
345
0.106294
359
0.002645
364
0.001822
366
0.024530
427
0.108271
428
0.135619
429
0.038807
430
0.176573
431
0.117065
432
0.144980
433
0.963154
434
0.926137
435
0.866846
436
0.923949
437
0.950346
438
0.848148
439
0.035379
448
0.098691
449
0.025517
451
0.183025
452
0.008557
453
0.089047
454
0.941245
455
0.903595
456
0.928244
457
0.896634
458
0.947593
459
0.942011
460
0.833048
461
0.790323
462
0.310493
463
0.893552
464
0.546901
465
0.805428
466
0.981981
467
0.965777
468
0.988791
469
0.972036
470
0.975609
471
0.968111
482
0.126411
483
0.116574
484
0.146182
485
0.199477
486
0.109130
487
0.132181
488
0.103887
489
0.093022
490
0.043860
491
0.111533
492
0.107434
493
0.138302
494
0.089532
495
0.087162
496
0.100447
497
0.305196
498
0.082636
499
0.085765
nHand.L
340
0.871731
341
0.885581
342
0.896497
343
0.859062
344
0.883702
345
0.845495
346
0.056875
347
0.511640
348
0.048251
349
0.684482
350
0.125603
351
0.101800
358
0.794964
359
0.904145
360
0.918739
361
0.890776
362
0.076855
363
0.829862
364
0.866818
365
0.845276
366
0.822494
367
0.214824
368
0.068804
369
0.150182
370
0.728978
372
0.784599
373
0.042579
374
0.100372
375
0.012383
377
0.004898
379
0.012397
427
0.846733
428
0.850755
429
0.901147
430
0.809285
431
0.854240
432
0.815488
454
0.057418
455
0.095655
456
0.070024
457
0.102759
458
0.050237
459
0.057436
482
0.872647
483
0.880242
484
0.850082
485
0.798384
486
0.889169
487
0.865410
488
0.862733
489
0.897706
490
0.925826
491
0.880971
492
0.869443
493
0.838387
494
0.908832
495
0.906303
496
0.891462
497
0.690639
498
0.915257
499
0.907961
829
0.136095
830
0.125526
nThumb01.L
340
0.028873
342
0.026646
346
0.002023
348
0.041960
351
0.006228
358
0.053119
362
0.739040
363
0.050958
364
0.090303
365
0.078816
366
0.077229
367
0.082566
368
0.149640
369
0.106540
370
0.123209
371
0.046489
372
0.101306
373
0.320413
374
0.701791
375
0.739580
376
0.571849
377
0.807693
378
0.906608
379
0.897549
382
0.055622
384
0.062359
387
0.017143
427
0.015626
429
0.012167
nThumb02.L
362
0.177912
365
0.053388
366
0.005928
368
0.041821
371
0.947139
373
0.630545
374
0.189372
375
0.121198
376
0.384092
377
0.108307
378
0.059779
379
0.061255
380
1.017366
381
0.972482
382
0.940240
383
0.981194
384
0.934160
385
0.992512
386
0.994662
387
0.966992
nFingers01.L
346
0.753968
347
0.466615
348
0.731526
349
0.256656
350
0.749297
351
0.729139
353
0.114664
355
0.101431
357
0.001427
358
0.118850
359
0.051721
360
0.060752
361
0.085041
363
0.097138
366
0.013015
367
0.612726
368
0.681261
369
0.681638
370
0.117367
372
0.092819
375
0.098553
376
0.014505
377
0.051996
828
0.115478
829
0.632637
830
0.577272
831
0.095162
832
0.080525
833
0.114654
nBone.009
346
0.155826
348
0.160103
349
0.037289
350
0.121332
351
0.139199
352
0.982293
353
0.860122
354
0.988304
355
0.876538
356
0.994983
357
0.968980
367
0.069900
368
0.053989
369
0.056559
828
0.862219
829
0.223911
830
0.294285
831
0.896541
832
0.907090
833
0.871632
nUpper Arm.R.001
420
0.002849
560
0.017878
570
0.030517
587
0.049551
593
0.033217
594
0.246092
598
0.129395
617
0.010107
707
0.013184
708
0.055181
709
0.065850
710
0.087943
711
0.112100
712
0.175820
713
0.137149
714
0.056770
727
0.072372
728
0.010135
729
0.014168
730
0.712462
731
0.728220
732
0.137589
733
0.162127
736
0.696954
737
0.056814
738
0.423192
739
0.276510
740
0.014957
742
0.239740
745
0.143006
746
0.144341
747
0.237097
748
0.055803
749
0.830412
750
0.507463
751
0.356012
758
0.016052
759
0.071202
760
0.132412
761
0.073915
762
0.045611
763
0.150470
764
0.797173
765
0.975015
766
0.849906
767
0.838211
768
0.979091
769
0.935021
770
0.134957
771
0.209762
772
0.157670
773
0.061642
774
0.883021
775
0.959068
776
0.975241
777
0.793354
778
0.963071
779
0.881837
786
0.163650
787
0.208857
788
0.687953
789
0.103120
790
0.452218
791
0.190224
793
0.015572
797
0.006219
nLower Arm.R 001
658
0.075577
659
0.098841
660
0.022229
661
0.123361
662
0.083984
663
0.106270
677
0.002128
682
0.001818
684
0.024495
752
0.108266
753
0.135595
754
0.038796
755
0.176542
756
0.117054
757
0.144961
758
0.963154
759
0.926137
760
0.866846
761
0.923949
762
0.950346
763
0.848148
764
0.035379
774
0.098692
775
0.025517
777
0.183025
778
0.008557
779
0.089047
780
0.941245
781
0.903595
782
0.928244
783
0.896634
784
0.947593
785
0.942011
786
0.833048
787
0.790323
788
0.310493
789
0.893552
790
0.546901
791
0.805428
792
0.981981
793
0.965777
794
0.988791
795
0.972036
796
0.975609
797
0.968111
810
0.126410
811
0.116573
812
0.146181
813
0.199476
814
0.109128
815
0.132180
816
0.103883
817
0.093009
818
0.043853
819
0.111518
820
0.107424
821
0.138291
822
0.089529
823
0.087160
824
0.100446
825
0.305194
826
0.082632
827
0.085764
nHand.R.001
658
0.871708
659
0.886292
660
0.896522
661
0.859578
662
0.883693
663
0.845735
664
0.047911
665
0.525621
666
0.032885
667
0.703495
668
0.109117
669
0.096105
671
0.043626
673
0.004763
676
0.795331
677
0.907489
678
0.921932
679
0.889499
680
0.076841
681
0.829077
682
0.866741
683
0.845275
684
0.822554
685
0.211333
686
0.066251
687
0.147886
688
0.728909
690
0.784243
691
0.042575
692
0.100370
693
0.011477
695
0.004548
697
0.012336
752
0.846720
753
0.851279
754
0.901177
755
0.809667
756
0.854269
757
0.815681
780
0.057419
781
0.095657
782
0.070024
783
0.102761
784
0.050238
785
0.057437
810
0.872663
811
0.880256
812
0.850085
813
0.798397
814
0.889201
815
0.865414
816
0.862732
817
0.897973
818
0.925847
819
0.881164
820
0.869502
821
0.838498
822
0.908870
823
0.906325
824
0.891466
825
0.690665
826
0.915327
827
0.907967
nFingers01.R.001
664
0.871485
665
0.442118
666
0.851226
667
0.249918
668
0.837788
669
0.795007
670
0.050139
671
0.068998
672
0.010553
673
0.118927
674
0.003603
675
0.019034
676
0.125435
677
0.050766
678
0.054396
679
0.092896
681
0.107092
684
0.016013
685
0.665076
686
0.720165
687
0.710920
688
0.123056
690
0.097362
693
0.105415
694
0.018781
695
0.054430
nBone.010
664
0.052697
665
0.004772
666
0.063348
667
0.015944
668
0.049606
669
0.086852
670
0.945844
671
0.882841
672
0.966079
673
0.850670
674
0.973884
675
0.957569
685
0.000386
687
0.016117
nThumbs01.R
658
0.028806
660
0.026571
666
0.018429
676
0.052317
680
0.739022
681
0.050482
682
0.090230
683
0.078780
684
0.077052
685
0.079341
686
0.146030
687
0.103295
688
0.122548
689
0.046489
690
0.100921
691
0.320405
692
0.701765
693
0.739059
694
0.571674
695
0.807438
696
0.906565
697
0.897504
700
0.055608
702
0.062351
705
0.017161
752
0.015569
754
0.012101
nThumb02.R.001
680
0.177907
683
0.053384
684
0.005913
686
0.039874
689
0.947139
691
0.630544
692
0.189370
693
0.121052
694
0.384038
695
0.108282
696
0.059776
697
0.061242
698
1.017367
699
0.972482
700
0.940236
701
0.981192
702
0.934159
703
0.992512
704
0.994662
705
0.966994
nUpper Leg
278
0.414131
279
0.506419
281
0.425954
282
0.333029
283
0.067639
285
0.916325
286
0.924571
287
0.765523
288
0.741563
293
0.731246
294
0.741929
295
0.790070
296
0.802329
297
0.948767
298
0.984148
299
0.954979
300
0.982111
301
0.492492
302
0.942539
303
0.733852
306
0.730970
307
0.775847
308
0.949847
309
0.984251
394
0.118761
395
0.106901
396
0.133161
397
0.094331
398
0.125295
399
0.127671
400
0.901822
401
0.938588
402
0.892313
403
0.944124
404
0.891587
405
0.932264
406
0.099942
407
0.202694
416
0.398453
418
0.084515
419
0.070184
423
0.157449
472
0.258316
473
0.356862
474
0.404370
475
0.204093
476
0.312669
477
0.246694
478
0.346696
479
0.405191
480
0.192398
481
0.301754
588
0.003686
590
0.141172
591
0.004446
592
0.122808
595
0.032371
596
0.057023
601
0.272041
602
0.248297
603
0.066058
604
0.071074
620
0.300881
621
0.107818
735
0.049638
741
0.026994
743
0.004162
798
0.009214
799
0.004659
800
0.106752
801
0.021940
802
0.051944
804
0.007676
805
0.004111
806
0.101087
807
0.022080
808
0.050372
nLower Leg.L
289
0.955470
290
0.930085
291
0.884634
292
0.934178
293
0.265021
294
0.255323
295
0.208772
296
0.196678
304
0.947315
305
0.904761
306
0.265616
307
0.223096
310
0.924198
311
0.837097
312
0.796131
313
0.901494
314
0.865042
315
0.824364
316
0.459781
317
0.055074
318
0.076963
319
0.471225
320
0.105227
321
0.143129
330
0.018930
331
0.057507
332
0.082529
333
0.142257
334
0.095567
335
0.202384
336
0.197862
337
0.216893
338
0.412383
339
0.400520
394
0.878388
395
0.891634
396
0.862105
397
0.904101
398
0.870335
399
0.870850
400
0.092207
401
0.059030
402
0.100623
403
0.054027
404
0.101995
405
0.065859
nFoot.L
289
0.028129
290
0.060632
291
0.096347
292
0.057202
304
0.042637
305
0.081913
310
0.071589
311
0.146897
312
0.176181
313
0.091154
314
0.127224
315
0.159810
316
0.537362
317
0.865780
318
0.807419
319
0.523589
320
0.880509
321
0.829514
322
0.189426
323
0.190032
324
0.025338
325
0.055646
326
0.061608
327
0.062123
328
0.516800
329
0.518764
330
0.799809
331
0.773877
332
0.823825
333
0.768503
334
0.817624
335
0.720461
336
0.771371
337
0.752706
338
0.576190
339
0.586308
nToes.L
317
0.078911
318
0.115013
321
0.003567
322
0.801567
323
0.796226
324
0.960398
325
0.941098
326
0.937002
327
0.935406
328
0.476369
329
0.467872
330
0.165694
331
0.168545
332
0.093606
333
0.089152
334
0.086767
335
0.077075
336
0.011445
337
0.010641
nUpper Leg.001
278
0.003686
281
0.032371
282
0.057023
287
0.066058
288
0.071074
303
0.107818
416
0.026994
418
0.004162
472
0.009214
473
0.004659
474
0.021940
475
0.051944
477
0.007676
478
0.004111
479
0.022080
480
0.050372
588
0.414131
589
0.506419
590
0.141172
591
0.004446
592
0.122808
595
0.425954
596
0.333029
597
0.067639
599
0.916325
600
0.924571
601
0.272041
602
0.248297
603
0.765523
604
0.741563
609
0.731245
610
0.741928
611
0.790069
612
0.802328
613
0.948767
614
0.984148
615
0.954979
616
0.982111
618
0.492492
619
0.942539
620
0.300881
621
0.733852
624
0.730970
625
0.775846
626
0.949847
627
0.984251
715
0.118758
716
0.106896
717
0.133160
718
0.094327
719
0.125294
720
0.127665
721
0.901822
722
0.938588
723
0.892313
724
0.944123
725
0.891587
726
0.932263
728
0.099942
729
0.202694
735
0.049638
741
0.398453
743
0.084515
744
0.070183
748
0.157449
798
0.258316
799
0.356862
800
0.106752
801
0.404370
802
0.204093
803
0.312669
804
0.246694
805
0.346696
806
0.101087
807
0.405191
808
0.192398
809
0.301754
nLower Leg.R.001
605
0.960328
606
0.934453
607
0.885760
608
0.935224
609
0.265042
610
0.255353
611
0.208814
612
0.196705
622
0.958452
623
0.905412
624
0.265633
625
0.223148
628
0.932009
629
0.845849
630
0.797212
631
0.902277
632
0.908737
633
0.825045
634
0.460224
635
0.055567
636
0.077082
637
0.471311
638
0.106649
639
0.143206
648
0.019113
649
0.057531
650
0.082705
651
0.142291
652
0.095728
653
0.202422
654
0.197962
655
0.216933
656
0.412536
657
0.400562
715
0.878480
716
0.891816
717
0.862169
718
0.904217
719
0.870382
720
0.871071
721
0.092218
722
0.059042
723
0.100631
724
0.054035
725
0.102003
726
0.065873
nFoot.R
605
0.018970
606
0.056515
607
0.095286
608
0.056216
622
0.021641
623
0.081298
628
0.064226
629
0.138646
630
0.175162
631
0.090416
632
0.086033
633
0.159168
634
0.536945
635
0.865315
636
0.807307
637
0.523507
638
0.879169
639
0.829442
640
0.189360
641
0.190011
642
0.025312
643
0.055641
644
0.061602
645
0.062119
646
0.516780
647
0.518757
648
0.799723
649
0.773854
650
0.823659
651
0.768471
652
0.817472
653
0.720425
654
0.771277
655
0.752669
656
0.576045
657
0.586268
nToes.R.001
635
0.078896
636
0.115009
639
0.003562
640
0.801565
641
0.796226
642
0.960398
643
0.941098
644
0.937002
645
0.935406
646
0.476368
647
0.467872
648
0.165691
649
0.168544
650
0.093600
651
0.089151
652
0.086762
653
0.077074
654
0.011439
655
0.010639
END
